memory_initialization_radix=2;
memory_initialization_vector=
1111111111011001,
1111111111111011,
1111111111101000,
1111111111100011,
0000000000100001,
1111111111101111,
0000000000001110,
0000000000101100,
0000000000010111,
1111111111111110,
1111111111101111,
0000000000100111,
0000000000001000,
0000000000000001,
0000000000011001,
0000000000000101,
0000000000000011,
0000000000101100,
1111111111110101,
1111111111101100,
1111111111011111,
1111111111110110,
1111111111011010,
0000000000011000,
0000000000000001,
0000000000010100,
0000000000101011,
0000000000100000,
1111111111110000,
1111111111100100,
0000000000100110,
0000000000011101,
1111111111101100,
0000000000111000,
0000000001010011,
0000000001001011,
0000000010011011,
0000000010110110,
0000000010100001,
0000000010101000,
0000000010110010,
0000000001011011,
0000000000011000,
0000000100101010,
0000000100011110,
0000000011101011,
0000000010111100,
0000000001101001,
0000000001101111,
0000000010011100,
0000000001011000,
0000000000010000,
0000000000010001,
0000000000010100,
1111111111010111,
1111111111111000,
0000000000010010,
1111111111011100,
0000000000010100,
0000000000110000,
0000000010011010,
0000000001011011,
0000000010101010,
0000000010111111,
0000000011111010,
0000000011010010,
0000000100001101,
0000000100101100,
0000000100101110,
0000000011010100,
0000000011111000,
0000000100101110,
0000000100111111,
0000000100011010,
0000000011101000,
0000000100010010,
0000000011110000,
0000000011110010,
0000000010100000,
0000000010111011,
0000000000101011,
1111111111111100,
0000000000100100,
0000000000000010,
0000000000011001,
1111111111011101,
0000000000110111,
0000000010001111,
0000000010000001,
0000000001111010,
0000000010011101,
0000000010111110,
0000000010001101,
0000000100001110,
0000000011001110,
0000000100001011,
0000000100000101,
0000000011011011,
0000000010011101,
0000000011000111,
0000000001100010,
0000000001011001,
0000000010000000,
0000000100001010,
0000000011110001,
0000000010001100,
0000000001100100,
0000000000111111,
0000000001001001,
1111111111001111,
1111111111110001,
0000000000101000,
1111111111100001,
1111111111101101,
0000000000110111,
0000000000011000,
0000000001101101,
0000000001110010,
0000000010010111,
0000000001000101,
0000000000111011,
0000000000111101,
0000000001001100,
0000000000110001,
0000000000000100,
1111111111101100,
1111111111001000,
1111111111010101,
1111111111010111,
1111111110110111,
1111111111111011,
0000000000010101,
1111111111101100,
0000000000001101,
1111111111111100,
0000000000101100,
1111111110010010,
1111111110111101,
1111111111111110,
1111111111101001,
1111111111100010,
0000000000010011,
0000000010100011,
0000000000111101,
0000000001011010,
0000000010100100,
0000000001111100,
0000000000111011,
0000000000010101,
0000000000111110,
0000000000111111,
1111111111111000,
1111111111100000,
1111111111110100,
0000000000001100,
1111111111110110,
1111111111111010,
1111111111110110,
0000000000001101,
1111111111100000,
1111111111111001,
1111111111010110,
1111111111110011,
0000000000110010,
0000000000000000,
0000000000111111,
0000000001001011,
0000000000011000,
0000000000101001,
0000000000001101,
0000000001110101,
0000000001001110,
0000000001010100,
0000000001110011,
0000000001010001,
0000000000111110,
0000000000110100,
0000000000010111,
0000000000100100,
1111111111111101,
0000000000010011,
1111111111100011,
0000000000011111,
0000000000100100,
1111111111101111,
1111111111101001,
1111111111111110,
1111111111010111,
1111111111000000,
0000000000000001,
1111111111011010,
1111111110100001,
0000000001000000,
0000000011100010,
0000000001000010,
1111111111101111,
0000000000001101,
0000000001111011,
0000000001101111,
0000000001111001,
0000000001001010,
0000000001001101,
0000000000100110,
0000000000011001,
0000000000010010,
0000000000001001,
10000000000000000,
1111111111111110,
0000000000100010,
1111111111110010,
0000000001100011,
0000000000001100,
1111111111100100,
0000000000000000,
1111111111010010,
1111111111010000,
1111111111111011,
1111111111001000,
1111111110111000,
1111111110001110,
1111111111101001,
0000000010000001,
0000000000101010,
0000000000011100,
1111111111110111,
0000000001110111,
0000000001011010,
0000000000110001,
0000000000011110,
0000000000111001,
1111111111010011,
0000000000000100,
1111111111010010,
1111111111100010,
1111111111110110,
0000000000101010,
0000000000011011,
0000000000101001,
0000000001010110,
0000000001100101,
1111111111010101,
1111111111100011,
1111111110100111,
1111111110010010,
1111111111011010,
1111111110101001,
1111111101101111,
1111111101101001,
1111111110110001,
0000000000100100,
1111111111100111,
0000000000100110,
0000000000010100,
0000000010011011,
0000000000011001,
0000000000001001,
0000000001110110,
1111111111010011,
1111111111010010,
1111111111110110,
1111111111100001,
1111111111011010,
1111111111111010,
1111111111110001,
0000000001001010,
0000000001001110,
0000000010100110,
0000000001100011,
1111111110010100,
1111111110000010,
1111111101101000,
1111111101100101,
1111111110001101,
1111111110011011,
1111111110111000,
1111111110011110,
1111111111011110,
10000000000000000,
1111111111011001,
0000000000001100,
0000000001010011,
0000000001001001,
0000000001001101,
0000000001000110,
0000000000010111,
1111111111101100,
1111111111101010,
0000000000010111,
1111111111101000,
0000000000001001,
0000000000001001,
0000000000100011,
0000000000111100,
0000000010101101,
0000000001110001,
1111111110110010,
1111111101110010,
1111111110100000,
1111111101100100,
1111111110001001,
1111111110110101,
1111111110001110,
1111111101111011,
1111111101111101,
1111111101010101,
1111111110001010,
0000000000100001,
0000000000111001,
0000000001000010,
0000000010100011,
0000000010010010,
0000000001011000,
0000000010000000,
0000000000000001,
1111111111111100,
0000000000010000,
1111111111101110,
0000000000110011,
0000000000100001,
0000000000111010,
0000000001011000,
0000000001111010,
0000000000000010,
1111111110111101,
1111111110101111,
1111111111101010,
0000000000011001,
1111111111010101,
1111111111000110,
1111111111010100,
1111111111101011,
1111111110100011,
1111111101000101,
1111111110010000,
1111111111000010,
0000000001010011,
0000000000100101,
0000000010000001,
0000000010000001,
0000000001000011,
0000000001100100,
1111111111010001,
1111111111111111,
0000000000011000,
0000000000100110,
1111111111111011,
0000000001010000,
0000000001111010,
0000000001100110,
0000000000110011,
0000000000011110,
1111111110100101,
0000000000001010,
0000000000110110,
0000000000111101,
1111111111100000,
1111111111111101,
1111111111001011,
1111111111101101,
1111111111011100,
1111111101011100,
1111111101001000,
1111111111001111,
0000000001001101,
0000000000111111,
0000000000101100,
0000000001011100,
0000000010010100,
1111111111111111,
1111111111010001,
0000000000100000,
1111111111011111,
0000000000111001,
0000000000111100,
0000000001111000,
0000000000111111,
0000000000000011,
1111111111111101,
0000000000000110,
1111111111001010,
0000000000100000,
0000000000011101,
1111111111101011,
1111111111110010,
1111111111100100,
0000000001001101,
0000000000010001,
0000000000100111,
0000000000111111,
1111111111010101,
1111111110011101,
1111111110101001,
0000000000100011,
0000000001001011,
0000000001100001,
0000000001011010,
1111111111111110,
1111111111101000,
1111111111110000,
1111111111100010,
0000000000101000,
0000000001011001,
0000000001000000,
1111111111001111,
1111111111000111,
1111111110011101,
0000000000101011,
10000000000000000,
1111111111110000,
0000000000000101,
0000000000101010,
0000000001011010,
0000000001011000,
0000000001100001,
0000000010011000,
0000000001101101,
0000000001100101,
1111111111010110,
1111111111100001,
0000000001001100,
0000000000010000,
0000000000010011,
1111111111101111,
0000000001010010,
1111111111001000,
0000000000010111,
0000000000011110,
1111111111110100,
1111111111001001,
0000000000011000,
0000000000100100,
0000000000001010,
1111111111011001,
1111111111001011,
1111111111111101,
1111111111101100,
0000000000111001,
0000000000001011,
0000000001100011,
0000000001110001,
0000000010101111,
0000000001100010,
0000000000110001,
0000000001100010,
0000000010000101,
0000000000000111,
1111111110111010,
0000000000111101,
0000000001011100,
1111111111110110,
0000000000110011,
0000000001000101,
1111111111111110,
0000000000011100,
1111111111110000,
1111111110110000,
1111111110010010,
1111111111100011,
1111111111110100,
1111111111101101,
1111111110101100,
1111111110111010,
1111111111110111,
1111111111001101,
0000000000011001,
0000000001000010,
0000000001110111,
0000000010100101,
0000000010010110,
0000000001010000,
0000000010000000,
0000000001001100,
0000000001010000,
0000000001000100,
0000000001000001,
0000000000111110,
0000000000100110,
0000000000101101,
0000000000101000,
0000000000011101,
0000000000110010,
1111111111010101,
1111111110011100,
1111111110011010,
1111111110001110,
1111111101011011,
1111111110101101,
1111111110110110,
1111111100000110,
1111111101101101,
0000000000001010,
0000000000111110,
0000000000010101,
0000000000111011,
0000000001111000,
0000000001001011,
0000000001001100,
0000000001110011,
0000000000100001,
0000000000100011,
0000000000101100,
0000000011111010,
0000000010001000,
0000000000111000,
0000000000010101,
0000000001000111,
0000000000110101,
0000000010001101,
0000000000100010,
1111111110111101,
1111111101001011,
1111111110101100,
1111111101100011,
1111111101010001,
1111111101011101,
1111111100010001,
1111111100011000,
1111111110001011,
0000000000110111,
0000000001100110,
0000000010001111,
0000000010100011,
0000000001110011,
0000000000110110,
0000000000010110,
0000000001001111,
0000000001100001,
1111111111100100,
0000000000101011,
0000000011110000,
0000000010001111,
0000000000111011,
0000000000111011,
0000000000111011,
0000000001101100,
0000000001110111,
1111111111011110,
1111111101100000,
1111111110101010,
1111111111001100,
1111111111000001,
1111111110000010,
1111111110011101,
1111111110110001,
1111111110010110,
0000000000001110,
0000000010100001,
0000000010011010,
0000000001111111,
0000000001111100,
0000000001001100,
0000000000010110,
0000000000001011,
0000000000010011,
0000000000000010,
0000000000100010,
0000000000010111,
0000000011011111,
0000000000000010,
0000000001001001,
0000000000011101,
1111111111101011,
0000000001111100,
0000000010111101,
0000000000100111,
1111111110001110,
1111111111000101,
1111111111111010,
1111111111111100,
0000000000010010,
1111111111011001,
1111111111110101,
0000000000011010,
0000000001111101,
0000000010000001,
0000000010001000,
0000000000111001,
0000000000101011,
0000000000011100,
0000000000110101,
1111111111001111,
1111111111001100,
1111111111011010,
0000000000001000,
0000000000011011,
0000000011000001,
0000000000111101,
0000000000010100,
0000000000010100,
0000000000101010,
0000000001111111,
0000000011011011,
1111111111110011,
1111111111101000,
1111111111100111,
0000000001001110,
0000000000011101,
0000000000000010,
0000000000011110,
0000000000110100,
0000000001111001,
0000000001000011,
0000000010000100,
0000000000111001,
0000000001000100,
1111111111110101,
0000000000010010,
1111111111011110,
1111111110110110,
1111111111110111,
1111111111101100,
1111111111100011,
0000000010000110,
0000000010011000,
0000000001110110,
1111111111100111,
1111111111110011,
0000000000100001,
0000000000111001,
0000000001100011,
0000000000111101,
0000000000100110,
1111111111000100,
0000000000000011,
0000000000001011,
0000000001000100,
0000000001100000,
0000000000110100,
0000000000100111,
0000000000010111,
0000000000001101,
0000000000011010,
1111111111110111,
1111111111110111,
1111111111011111,
1111111111100111,
1111111111110101,
1111111110011101,
1111111110101110,
1111111110100100,
1111111111010000,
0000000001011101,
0000000001110111,
0000000000011010,
0000000000010111,
0000000000100001,
0000000001011010,
0000000000101011,
0000000001110110,
0000000000111001,
1111111111111100,
0000000000111101,
1111111111100111,
0000000000110110,
0000000000110001,
0000000000011111,
1111111111110000,
1111111111111100,
0000000000011011,
0000000000011100,
1111111111100011,
1111111111110000,
1111111111011000,
1111111110110111,
1111111110110010,
1111111110000010,
1111111110110011,
1111111111011111,
0000000000010010,
0000000000001111,
0000000001100101,
0000000000101100,
1111111111101010,
0000000000011000,
0000000000110101,
0000000001111100,
0000000001001000,
0000000000100111,
0000000000110110,
0000000001111000,
0000000001011101,
0000000001110011,
0000000001101000,
0000000000101110,
0000000000011110,
0000000000111110,
0000000000001111,
0000000000100100,
1111111111101000,
0000000001101010,
0000000000010101,
1111111110110110,
1111111110011110,
1111111111110111,
0000000000111110,
1111111111011100,
0000000001111101,
0000000001010100,
0000000000100000,
1111111111111100,
0000000000010100,
0000000000001000,
1111111111100010,
0000000001001101,
0000000000010000,
1111111111010010,
0000000000011000,
0000000001101001,
0000000010100101,
0000000001010000,
1111111111100001,
0000000001011000,
0000000010011001,
0000000001100101,
0000000000011110,
0000000000011011,
0000000001100010,
0000000001000110,
0000000000101000,
0000000000110111,
1111111111100100,
1111111111100011,
0000000001011011,
0000000000111001,
0000000001011000,
1111111111000011,
1111111111111101,
1111111111011000,
0000000000001000,
0000000000100111,
0000000000010100,
0000000000010110,
1111111110011001,
1111111111011111,
1111111111100100,
0000000000100000,
0000000001101101,
0000000001010001,
0000000001010110,
0000000000011001,
0000000001000000,
0000000001000100,
0000000010010010,
0000000010110001,
0000000010011100,
0000000001011110,
0000000001001011,
0000000011000100,
0000000001100011,
0000000000101100,
0000000001011000,
1111111111101100,
1111111111110111,
0000000000111110,
1111111111110010,
0000000000100101,
0000000000010011,
1111111111110000,
0000000000001110,
0000000000010000,
1111111111110111,
0000000001010010,
1111111111011111,
0000000000010001,
0000000000010001,
0000000000011111,
0000000000100011,
0000000000100101,
0000000000100000,
0000000011011110,
0000000010011111,
0000000000001101,
0000000000011110,
0000000010001100,
0000000000111101,
0000000000011111,
0000000000111001,
0000000000001100,
0000000000110011,
0000000000101001,
1111111111101111,
1111111111101010,
1111111111110001,
1111111111110111;
